01010111
00010001
01011100
00001110
00001111
01010001
00101010
01010011
01011111
01001010
01011110
00011110
01011101
01111011
01101110
00001011
00101111
00101111
01010111
01001100
01100100
00101111
00011010
00001011
01100010
00011010
00110001
01000110
00011101
01010010
00111110
00010011
01100011
00001101
00100101
00011110
01000011
00001100
00110011
00001101
00001110
01100100
00100101
01001101
01111010
00110111
01011000
01100000
00110111
01010011
00001110
01110111
00011000
00100010
01100101
00111110
01100010
00110010
00100011
00000101
01010110
00110111
00111001
01001101
00001000
00101000
01100010
01011000
00010000
00010001
00001100
00000001
00110110
01010011
01011100
01000011
00001110
01010000
00010000
00010001
00001101
00010010
00010101
00011001
00101000
00101000
00011100
00100000
01110001
01011001
01000111
00010111
00011011
00001010
01110100
01011010
01000111
00101000
00010101
01001111
01111101
00010110
00100001
00110010
00001001
01010111
00110011
01111101
00110011
01001111
00010100
00110000
00010100
01100000
01101111
00101101
01010111
00100101
01000011
01101010
01001100
00101011
00100110
00111001
00110110
00101110
01000111
01011110
00110110
00110111
00010000
00000011
00100101
00101000
01010011
01111010
01110111
00111010
00011111
01100001
01100000
01011110
01011110
00001101
01010111
00111011
00011011
00001101
01101001
00010110
00010101
01010101
01110010
01000010
01011001
00010100
01111001
01000101
01010110
00000101
